- Camera -

Erreur de reprojection RMS - Après optimisation:
4.913064210503173
Matrice de rotation:
[[ 0.69182848 -0.08379894 -0.71718275]
 [-0.08885163 -0.9955742   0.03061699]
 [-0.71657431  0.04254115 -0.69621226]]
Vecteur translation:
[ 0.09386403  0.39559598 17.98815636]
Matrice paramètres intrinsèque:
[[4.8430346e+03 0.0000000e+00 1.2320000e+03]
 [0.0000000e+00 4.8430346e+03 1.0280000e+03]
 [0.0000000e+00 0.0000000e+00 1.0000000e+00]]
Coefficients de distorsion:
[-1.96220511e-12  0.00000000e+00  0.00000000e+00  0.00000000e+00]

- Projecteur -

Erreur de reprojection RMS - Après optimisation:
63.02811474387737
Matrice de rotation:
[[ 0.64986395 -0.07675252 -0.75616526]
 [-0.14960097 -0.98834277 -0.02825107]
 [-0.74518213  0.13148241 -0.65377058]]
Vecteur translation:
[ 1.10385753  1.97388323 14.71190347]
Matrice paramètres intrinsèque:
[[3.9745909e+03 0.0000000e+00 9.6000000e+02]
 [0.0000000e+00 3.9745909e+03 6.0000000e+02]
 [0.0000000e+00 0.0000000e+00 1.0000000e+00]]
Coefficients de distorsion:
[ 0.57083501 -0.91356451  0.          0.        ]

- Calibration Stéréo -

Erreur de reprojection RMS:
20.205576129280242
Matrice de rotation:
[[ 0.99228893 -0.0044249   0.12386725]
 [-0.00804541  0.99495554  0.09999371]
 [-0.12368487 -0.10021922  0.98724777]]
Vecteur translation:
[-1.13712387 -0.17587305 -2.23638714]
Distance euclidienne caméra-projecteur:
2.51503667018558

- Rectification stéréo -

Matrice de rectification, Camera:
[[ 0.33809973 -0.02154035  0.94086375]
 [-0.02627475  0.99913227  0.0323162 ]
 [-0.94074344 -0.03564706  0.33724038]]
Matrice de rectification, Projecteur:
[[ 0.45213013  0.06992862  0.88920657]
 [-0.02649029  0.997535   -0.06497837]
 [-0.89155853  0.00582334  0.45286806]]
Matrice de projection, Camera:
[[ 4.40881275e+03  0.00000000e+00 -2.16731448e+04  0.00000000e+00]
 [ 0.00000000e+00  4.40881275e+03  2.81173019e+02  0.00000000e+00]
 [ 0.00000000e+00  0.00000000e+00  1.00000000e+00  0.00000000e+00]]
Matrice de projection, Projecteur:
[[ 4.40881275e+03  0.00000000e+00 -2.16731448e+04 -1.10883257e+04]
 [ 0.00000000e+00  4.40881275e+03  2.81173019e+02  0.00000000e+00]
 [ 0.00000000e+00  0.00000000e+00  1.00000000e+00  0.00000000e+00]]
Matrice Q:
[[ 1.00000000e+00  0.00000000e+00  0.00000000e+00  2.16731448e+04]
 [ 0.00000000e+00  1.00000000e+00  0.00000000e+00 -2.81173019e+02]
 [ 0.00000000e+00  0.00000000e+00  0.00000000e+00  4.40881275e+03]
 [ 0.00000000e+00  0.00000000e+00  3.97608517e-01 -0.00000000e+00]]
