<?xml version="1.0"?>
<opencv_storage>
<K type_id="opencv-matrix">
  <rows>3</rows>
  <cols>3</cols>
  <dt>d</dt>
  <data>
    5.0631488272882252e+03 0. 1.0080031056940376e+03 0.
    5.0123358470006879e+03 8.7274450728170348e+02 0. 0. 1.</data></K>
<R type_id="opencv-matrix">
  <rows>3</rows>
  <cols>3</cols>
  <dt>d</dt>
  <data>
    9.9220585948672124e-01 -5.8632160420782523e-02
    1.0995363643194486e-01 6.1043176761975959e-02 9.9796016007643684e-01
    -1.8688217438234459e-02 -1.0863361805179300e-01
    2.5254478109915404e-02 9.9376101169464937e-01</data></R>
<t type_id="opencv-matrix">
  <rows>3</rows>
  <cols>1</cols>
  <dt>d</dt>
  <data>
    -1.9107378993868238e+00 -2.0931197042227796e-02
    2.3030939552991816e-01</data></t>
<coeffs type_id="opencv-matrix">
  <rows>1</rows>
  <cols>5</cols>
  <dt>d</dt>
  <data>
    -4.5762935449559078e-01 1.3644847613784631e+01
    -8.3503762862758932e-03 -2.3010493126856685e-02
    -9.7459680342048330e+01</data></coeffs>
<imageSize type_id="opencv-matrix">
  <rows>2</rows>
  <cols>1</cols>
  <dt>d</dt>
  <data>
    2464. 2056.</data></imageSize>
</opencv_storage>
