<?xml version="1.0"?>
<opencv_storage>
<K type_id="opencv-matrix">
  <rows>3</rows>
  <cols>3</cols>
  <dt>d</dt>
  <data>
    2.8645103910100015e+03 0. 9.2232033964453797e+02 0.
    2.8695978187345754e+03 4.9629113178669206e+02 0. 0. 1.</data></K>
<R type_id="opencv-matrix">
  <rows>3</rows>
  <cols>3</cols>
  <dt>d</dt>
  <data>
    9.9595781599466815e-01 -1.9957921333650902e-02
    8.7576881282508443e-02 1.5358711613334243e-02 9.9848278906762111e-01
    5.2879390251049707e-02 -8.8499371391604839e-02
    -5.1320573961951957e-02 9.9475326586621804e-01</data></R>
<t type_id="opencv-matrix">
  <rows>3</rows>
  <cols>1</cols>
  <dt>d</dt>
  <data>
    -5.9409271156273524e-01 -8.0719975788839469e-03
    -3.5653464337484536e-01</data></t>
<coeffs type_id="opencv-matrix">
  <rows>1</rows>
  <cols>5</cols>
  <dt>d</dt>
  <data>
    -6.2412411146929227e-02 -6.8484058523612579e-01
    -6.2032279871724536e-03 -1.3447193876625499e-02
    -8.1854357610779160e-01</data></coeffs>
<imageSize type_id="opencv-matrix">
  <rows>2</rows>
  <cols>1</cols>
  <dt>d</dt>
  <data>
    1920. 1200.</data></imageSize>
</opencv_storage>
