<?xml version="1.0"?>
<opencv_storage>
<K type_id="opencv-matrix">
  <rows>3</rows>
  <cols>3</cols>
  <dt>d</dt>
  <data>
    2.9101841984730499e+03 0. 9.1401344466903220e+02 0.
    2.9125956054387484e+03 4.9804824510392137e+02 0. 0. 1.</data></K>
<R type_id="opencv-matrix">
  <rows>3</rows>
  <cols>3</cols>
  <dt>d</dt>
  <data>
    9.9613501784147473e-01 -1.8577872649380760e-02
    8.5848056924943239e-02 1.5324047225998403e-02 9.9914467390341455e-01
    3.8406954930778177e-02 -8.6488148359068678e-02
    -3.6942973056629407e-02 9.9556768576282995e-01</data></R>
<t type_id="opencv-matrix">
  <rows>3</rows>
  <cols>1</cols>
  <dt>d</dt>
  <data>
    -5.7529713497635726e-01 -1.4763588891626626e-02
    -9.6319246029716254e-02</data></t>
<coeffs type_id="opencv-matrix">
  <rows>1</rows>
  <cols>5</cols>
  <dt>d</dt>
  <data>
    3.3605573289614954e-01 -1.7932971469930422e+01
    -3.3384016625531542e-03 -1.3928436640349351e-02
    2.2775333990785680e+02</data></coeffs>
<imageSize type_id="opencv-matrix">
  <rows>2</rows>
  <cols>1</cols>
  <dt>d</dt>
  <data>
    1920. 1200.</data></imageSize>
</opencv_storage>
