<?xml version="1.0"?>
<opencv_storage>
<K type_id="opencv-matrix">
  <rows>3</rows>
  <cols>3</cols>
  <dt>d</dt>
  <data>
    2.9976549441472976e+03 0. 9.9296929025868644e+02 0.
    2.9955848178859592e+03 5.6012927306090819e+02 0. 0. 1.</data></K>
<R type_id="opencv-matrix">
  <rows>3</rows>
  <cols>3</cols>
  <dt>d</dt>
  <data>
    9.9750454939602451e-01 -1.9693485861747531e-02
    6.7800004047545229e-02 1.7298293852552299e-02 9.9921157904895008e-01
    3.5734987397429807e-02 -6.8450295572953887e-02
    -3.4472988108327163e-02 9.9705875961593071e-01</data></R>
<t type_id="opencv-matrix">
  <rows>3</rows>
  <cols>1</cols>
  <dt>d</dt>
  <data>
    -6.1480321105792213e-01 -7.7131832680833795e-03
    -2.8199904141905724e-01</data></t>
<coeffs type_id="opencv-matrix">
  <rows>1</rows>
  <cols>5</cols>
  <dt>d</dt>
  <data>
    -5.7650188783197991e-02 1.7513599929224977e-01
    -1.1965994087309933e-03 -5.1770528828593725e-04
    1.7792949132121949e-01</data></coeffs>
<imageSize type_id="opencv-matrix">
  <rows>2</rows>
  <cols>1</cols>
  <dt>d</dt>
  <data>
    1920. 1200.</data></imageSize>
</opencv_storage>
