<?xml version="1.0"?>
<opencv_storage>
<K type_id="opencv-matrix">
  <rows>3</rows>
  <cols>3</cols>
  <dt>d</dt>
  <data>
    2.9978602239139873e+03 0. 9.9303840795136784e+02 0.
    2.9957751585822443e+03 5.6032590667897807e+02 0. 0. 1.</data></K>
<R type_id="opencv-matrix">
  <rows>3</rows>
  <cols>3</cols>
  <dt>d</dt>
  <data>
    9.9749429014050550e-01 -1.9471814419021155e-02
    6.8014627693761709e-02 1.7080165910097960e-02 9.9922121730799340e-01
    3.5570026904908514e-02 -6.8654272041682451e-02
    -3.4319197612467378e-02 9.9705004067281577e-01</data></R>
<t type_id="opencv-matrix">
  <rows>3</rows>
  <cols>1</cols>
  <dt>d</dt>
  <data>
    -6.1641784274963785e-01 -7.0580036661720760e-03
    -2.8421309455161836e-01</data></t>
<coeffs type_id="opencv-matrix">
  <rows>1</rows>
  <cols>5</cols>
  <dt>d</dt>
  <data>
    -5.7500070491700209e-02 1.7464386816497487e-01
    -1.1808712392059151e-03 -5.0612009619099114e-04
    1.7705501748699595e-01</data></coeffs>
<imageSize type_id="opencv-matrix">
  <rows>2</rows>
  <cols>1</cols>
  <dt>d</dt>
  <data>
    1920. 1200.</data></imageSize>
</opencv_storage>
