<?xml version="1.0"?>
<opencv_storage>
<K type_id="opencv-matrix">
  <rows>3</rows>
  <cols>3</cols>
  <dt>d</dt>
  <data>
    4.7498839293118917e+03 0. 1.2350910781600562e+03 0.
    4.7442168235204335e+03 1.0106538296852304e+03 0. 0. 1.</data></K>
<R type_id="opencv-matrix">
  <rows>3</rows>
  <cols>3</cols>
  <dt>d</dt>
  <data>
    1. 0. 0. 0. 1. 0. 0. 0. 1.</data></R>
<t type_id="opencv-matrix">
  <rows>3</rows>
  <cols>1</cols>
  <dt>d</dt>
  <data>
    0. 0. 0.</data></t>
<coeffs type_id="opencv-matrix">
  <rows>1</rows>
  <cols>5</cols>
  <dt>d</dt>
  <data>
    -1.5205575136230090e-02 4.5328594854873955e-01
    -3.3437347511964580e-03 8.2799823101623060e-04
    1.9430755796749886e+00</data></coeffs>
<imageSize type_id="opencv-matrix">
  <rows>2</rows>
  <cols>1</cols>
  <dt>d</dt>
  <data>
    2464. 2056.</data></imageSize>
</opencv_storage>
