<?xml version="1.0"?>
<opencv_storage>
<K type_id="opencv-matrix">
  <rows>3</rows>
  <cols>3</cols>
  <dt>d</dt>
  <data>
    3.0391311759130981e+03 0. 1.0069260133517723e+03 0.
    3.0348308850422768e+03 5.3976865833826128e+02 0. 0. 1.</data></K>
<R type_id="opencv-matrix">
  <rows>3</rows>
  <cols>3</cols>
  <dt>d</dt>
  <data>
    9.9791347042557277e-01 -1.9001991411327409e-02
    6.1705995378027692e-02 1.6640192101425918e-02 9.9911749640697822e-01
    3.8565948455594308e-02 -6.2384369436718504e-02
    -3.7458679846675773e-02 9.9734900498979151e-01</data></R>
<t type_id="opencv-matrix">
  <rows>3</rows>
  <cols>1</cols>
  <dt>d</dt>
  <data>
    -6.0934585295276356e-01 -1.2047773706163620e-02
    -2.7732640430792721e-01</data></t>
<coeffs type_id="opencv-matrix">
  <rows>1</rows>
  <cols>5</cols>
  <dt>d</dt>
  <data>
    -1.4064764312964833e-02 -8.6289697531523546e-02
    -2.9492043330869677e-03 4.1151877133983964e-04
    1.5055114733358763e-01</data></coeffs>
<imageSize type_id="opencv-matrix">
  <rows>2</rows>
  <cols>1</cols>
  <dt>d</dt>
  <data>
    1920. 1200.</data></imageSize>
</opencv_storage>
