<?xml version="1.0"?>
<opencv_storage>
<K type_id="opencv-matrix">
  <rows>3</rows>
  <cols>3</cols>
  <dt>d</dt>
  <data>
    2.8927525909544006e+03 0. 9.4177536435781371e+02 0.
    2.8973562270206630e+03 4.8531337298120019e+02 0. 0. 1.</data></K>
<R type_id="opencv-matrix">
  <rows>3</rows>
  <cols>3</cols>
  <dt>d</dt>
  <data>
    9.9670408717933590e-01 -1.8164655091261198e-02
    7.9063315800833395e-02 1.4470614716654468e-02 9.9878784160411149e-01
    4.7047303573343961e-02 -7.9822076581162277e-02
    -4.5748144981143872e-02 9.9575877767713172e-01</data></R>
<t type_id="opencv-matrix">
  <rows>3</rows>
  <cols>1</cols>
  <dt>d</dt>
  <data>
    -5.8267005569698815e-01 -8.4767743352382168e-03
    -2.2575341695553416e-01</data></t>
<coeffs type_id="opencv-matrix">
  <rows>1</rows>
  <cols>5</cols>
  <dt>d</dt>
  <data>
    -1.0625968991503265e-01 6.6186405276670079e-01
    -7.7950635353405745e-03 -1.0877927421605439e-02
    -6.6451321579115481e+00</data></coeffs>
<imageSize type_id="opencv-matrix">
  <rows>2</rows>
  <cols>1</cols>
  <dt>d</dt>
  <data>
    1920. 1200.</data></imageSize>
</opencv_storage>
