<?xml version="1.0"?>
<opencv_storage>
<K type_id="opencv-matrix">
  <rows>3</rows>
  <cols>3</cols>
  <dt>d</dt>
  <data>
    2.9095199543845774e+03 0. 1.0810843678219112e+03 0.
    2.9067916109763951e+03 5.0477752907096834e+02 0. 0. 1.</data></K>
<R type_id="opencv-matrix">
  <rows>3</rows>
  <cols>3</cols>
  <dt>d</dt>
  <data>
    9.9919259752709155e-01 -1.6392209944973295e-02
    3.6680355780494271e-02 1.4988929146050132e-02 9.9915729562980327e-01
    3.8210346671976925e-02 -3.7275797109094934e-02
    -3.7629696289737544e-02 9.9859627523189953e-01</data></R>
<t type_id="opencv-matrix">
  <rows>3</rows>
  <cols>1</cols>
  <dt>d</dt>
  <data>
    -6.0355423042317768e-01 -1.0402482082951024e-02
    -2.9852401625554464e-01</data></t>
<coeffs type_id="opencv-matrix">
  <rows>1</rows>
  <cols>5</cols>
  <dt>d</dt>
  <data>
    -2.0187202475819577e-01 1.7993582136891075e+00
    -4.6249927901659349e-03 5.4813629117954040e-03
    -8.1971777741849010e+00</data></coeffs>
<imageSize type_id="opencv-matrix">
  <rows>2</rows>
  <cols>1</cols>
  <dt>d</dt>
  <data>
    1920. 1200.</data></imageSize>
</opencv_storage>
