<?xml version="1.0"?>
<opencv_storage>
<K type_id="opencv-matrix">
  <rows>3</rows>
  <cols>3</cols>
  <dt>d</dt>
  <data>
    2.8927525909544006e+03 0. 9.4177536435781371e+02 0.
    2.8973562270206630e+03 4.8531337298120019e+02 0. 0. 1.</data></K>
<R type_id="opencv-matrix">
  <rows>3</rows>
  <cols>3</cols>
  <dt>d</dt>
  <data>
    9.9650067400908215e-01 -1.9381901487492491e-02
    8.1306510158621753e-02 1.4852995552004457e-02 9.9832357642893810e-01
    5.5941266246540895e-02 -8.2254454119987080e-02
    -5.4537864285864511e-02 9.9511799608717744e-01</data></R>
<t type_id="opencv-matrix">
  <rows>3</rows>
  <cols>1</cols>
  <dt>d</dt>
  <data>
    -5.9544521811941109e-01 -6.0378811256258536e-03
    -3.1059040199716925e-01</data></t>
<coeffs type_id="opencv-matrix">
  <rows>1</rows>
  <cols>5</cols>
  <dt>d</dt>
  <data>
    -1.0625968991503265e-01 6.6186405276670079e-01
    -7.7950635353405745e-03 -1.0877927421605439e-02
    -6.6451321579115481e+00</data></coeffs>
<imageSize type_id="opencv-matrix">
  <rows>2</rows>
  <cols>1</cols>
  <dt>d</dt>
  <data>
    1920. 1200.</data></imageSize>
</opencv_storage>
