<?xml version="1.0"?>
<opencv_storage>
<K type_id="opencv-matrix">
  <rows>3</rows>
  <cols>3</cols>
  <dt>d</dt>
  <data>
    3.1709935756395189e+03 0. 6.8194627724007739e+02 0.
    3.1395957006269550e+03 9.1094360467301522e+02 0. 0. 1.</data></K>
<R type_id="opencv-matrix">
  <rows>3</rows>
  <cols>3</cols>
  <dt>d</dt>
  <data>
    9.9220585948676687e-01 6.1043176761559501e-02
    -1.0863361805161102e-01 -5.8632160420346122e-02
    9.9796016007645771e-01 2.5254478110104880e-02 1.0995363643176657e-01
    -1.8688217438481695e-02 9.9376101169466446e-01</data></R>
<t type_id="opencv-matrix">
  <rows>3</rows>
  <cols>1</cols>
  <dt>d</dt>
  <data>
    1.9221423893788563e+00 -9.6958533878438224e-02
    -1.9171084321156617e-02</data></t>
<norme_t>1.9246817536447327e+00</norme_t>
<coeffs type_id="opencv-matrix">
  <rows>1</rows>
  <cols>5</cols>
  <dt>d</dt>
  <data>
    -4.7856783526267210e-01 9.5361942177612740e+00
    1.8350251838963436e-03 -1.2865810065649626e-02
    -6.1943258237762372e+01</data></coeffs>
<imageSize type_id="opencv-matrix">
  <rows>2</rows>
  <cols>1</cols>
  <dt>d</dt>
  <data>
    1920. 1200.</data></imageSize>
</opencv_storage>
