<?xml version="1.0"?>
<opencv_storage>
<K type_id="opencv-matrix">
  <rows>3</rows>
  <cols>3</cols>
  <dt>d</dt>
  <data>
    2.8645103910100015e+03 0. 9.2232033964453797e+02 0.
    2.8695978187345754e+03 4.9629113178669206e+02 0. 0. 1.</data></K>
<R type_id="opencv-matrix">
  <rows>3</rows>
  <cols>3</cols>
  <dt>d</dt>
  <data>
    9.9659869228270981e-01 -1.8707657074699419e-02
    8.0256277680741200e-02 1.5220802144855595e-02 9.9892259150826712e-01
    4.3840430614614387e-02 -8.0989960627598473e-02
    -4.2469750896174413e-02 9.9580969393572227e-01</data></R>
<t type_id="opencv-matrix">
  <rows>3</rows>
  <cols>1</cols>
  <dt>d</dt>
  <data>
    -5.7980270915955034e-01 -9.3838489092825054e-03
    -2.2923461521335131e-01</data></t>
<coeffs type_id="opencv-matrix">
  <rows>1</rows>
  <cols>5</cols>
  <dt>d</dt>
  <data>
    -6.2412411146929227e-02 -6.8484058523612579e-01
    -6.2032279871724536e-03 -1.3447193876625499e-02
    -8.1854357610779160e-01</data></coeffs>
<imageSize type_id="opencv-matrix">
  <rows>2</rows>
  <cols>1</cols>
  <dt>d</dt>
  <data>
    1920. 1200.</data></imageSize>
</opencv_storage>
