<?xml version="1.0"?>
<opencv_storage>
<K type_id="opencv-matrix">
  <rows>3</rows>
  <cols>3</cols>
  <dt>d</dt>
  <data>
    4.4852228455995892e+03 0. 1.2039729489401989e+03 0.
    4.4919167064269486e+03 9.7635251088603547e+02 0. 0. 1.</data></K>
<R type_id="opencv-matrix">
  <rows>3</rows>
  <cols>3</cols>
  <dt>d</dt>
  <data>
    9.9775695622035965e-01 -1.7974029773073233e-02
    6.4482482641412472e-02 1.5584943599357704e-02 9.9918019307054662e-01
    3.7363769998623786e-02 -6.5101196969704192e-02
    -3.6275005571631505e-02 9.9721911239400640e-01</data></R>
<t type_id="opencv-matrix">
  <rows>3</rows>
  <cols>1</cols>
  <dt>d</dt>
  <data>
    -5.8307212924135277e-01 -1.0986961878000733e-02
    -2.0280016053379263e-01</data></t>
<coeffs type_id="opencv-matrix">
  <rows>1</rows>
  <cols>5</cols>
  <dt>d</dt>
  <data>
    1.1288599045684582e-01 -7.5613523419221940e+00
    -5.2279799592771610e-03 1.6149419367945332e-03
    8.2259691059861183e+01</data></coeffs>
<imageSize type_id="opencv-matrix">
  <rows>2</rows>
  <cols>1</cols>
  <dt>d</dt>
  <data>
    2464. 2056.</data></imageSize>
</opencv_storage>
