<?xml version="1.0"?>
<opencv_storage>
<K type_id="opencv-matrix">
  <rows>3</rows>
  <cols>3</cols>
  <dt>d</dt>
  <data>
    2.8923940360349056e+03 0. 9.7420770362568646e+02 0.
    2.8967163565066012e+03 5.1453059141925803e+02 0. 0. 1.</data></K>
<R type_id="opencv-matrix">
  <rows>3</rows>
  <cols>3</cols>
  <dt>d</dt>
  <data>
    9.9775695622035965e-01 -1.7974029773073233e-02
    6.4482482641412472e-02 1.5584943599357704e-02 9.9918019307054662e-01
    3.7363769998623786e-02 -6.5101196969704192e-02
    -3.6275005571631505e-02 9.9721911239400640e-01</data></R>
<t type_id="opencv-matrix">
  <rows>3</rows>
  <cols>1</cols>
  <dt>d</dt>
  <data>
    -5.8307212924135277e-01 -1.0986961878000733e-02
    -2.0280016053379263e-01</data></t>
<coeffs type_id="opencv-matrix">
  <rows>1</rows>
  <cols>5</cols>
  <dt>d</dt>
  <data>
    -1.8890479319253820e-01 3.1231139409984685e+00
    -3.8032654656947715e-03 -6.3982590691533765e-03
    -2.5709630353480037e+01</data></coeffs>
<imageSize type_id="opencv-matrix">
  <rows>2</rows>
  <cols>1</cols>
  <dt>d</dt>
  <data>
    1920. 1200.</data></imageSize>
</opencv_storage>
