- Camera -

Erreur de reprojection moyenne - Après optimisation:
4.870295294158979
Matrice de rotation:
[[ 0.69164274 -0.08416293 -0.71731926]
 [-0.08819895 -0.99559607  0.03177124]
 [-0.7168342   0.04129246 -0.69601987]]
Vecteur translation:
[ 0.0883473   0.39149395 17.93739074]
Matrice paramètres intrinsèque:
[[4.82294914e+03 0.00000000e+00 1.23200000e+03]
 [0.00000000e+00 4.82294914e+03 1.02800000e+03]
 [0.00000000e+00 0.00000000e+00 1.00000000e+00]]
Coefficients de distorsion:
[-5.91457345e-12  0.00000000e+00  0.00000000e+00  0.00000000e+00]

- Projecteur -

Erreur de reprojection moyenne - Après optimisation:
8.10150193940535
Matrice de rotation:
[[ 0.65065462 -0.07753435 -0.75540519]
 [-0.14991564 -0.98831104 -0.02768746]
 [-0.74442855  0.13126202 -0.65467275]]
Vecteur translation:
[ 1.10025861  1.97480377 17.101072  ]
Matrice paramètres intrinsèque:
[[4.58250147e+03 0.00000000e+00 9.60000000e+02]
 [0.00000000e+00 4.58250147e+03 6.00000000e+02]
 [0.00000000e+00 0.00000000e+00 1.00000000e+00]]
Coefficients de distorsion:
[1.15573839e-13 0.00000000e+00 0.00000000e+00 0.00000000e+00]

- Calibration Stéréo - 
 
Erreur de reprojection moyenne:
10.466762950268375
Matrice de rotation:
[[ 0.99709223 -0.00358193  0.07611999]
 [-0.00318947  0.99605777  0.08864958]
 [-0.07613744 -0.08863459  0.99315004]]
Vecteur translation:
[-3.39163961e-01 -3.67759287e-04 -7.10522584e-01]
Distance euclidienne caméra-projecteur:
0.787321198743175

- Rectification stéréo - 

Matrice de rectification, Camera:
[[ 0.36081742 -0.08106657  0.92910656]
 [ 0.03822588  0.99666346  0.07211608]
 [-0.93185276  0.00949518  0.36271238]]
Matrice de rectification, Projecteur:
[[ 4.30782204e-01  4.67101975e-04  9.02455802e-01]
 [ 4.00342239e-02  9.99005523e-01 -1.96271869e-02]
 [-9.01567498e-01  4.45841605e-02  4.30335101e-01]]
Matrice de projection, Camera:
[[ 4.70272531e+03  0.00000000e+00 -2.04469817e+04  0.00000000e+00]
 [ 0.00000000e+00  4.70272531e+03 -5.47688660e+02  0.00000000e+00]
 [ 0.00000000e+00  0.00000000e+00  1.00000000e+00  0.00000000e+00]]
Matrice de projection, Projecteur:
[[ 4.70272531e+03  0.00000000e+00 -2.04469817e+04 -3.70255533e+03]
 [ 0.00000000e+00  4.70272531e+03 -5.47688660e+02  0.00000000e+00]
 [ 0.00000000e+00  0.00000000e+00  1.00000000e+00  0.00000000e+00]]
Matrice Q:
[[ 1.00000000e+00  0.00000000e+00  0.00000000e+00  2.04469817e+04]
 [ 0.00000000e+00  1.00000000e+00  0.00000000e+00  5.47688660e+02]
 [ 0.00000000e+00  0.00000000e+00  0.00000000e+00  4.70272531e+03]
 [ 0.00000000e+00  0.00000000e+00  1.27012965e+00 -0.00000000e+00]]