<?xml version="1.0"?>
<opencv_storage>
<K type_id="opencv-matrix">
  <rows>3</rows>
  <cols>3</cols>
  <dt>d</dt>
  <data>
    2.9101841984730499e+03 0. 9.1401344466903220e+02 0.
    2.9125956054387484e+03 4.9804824510392137e+02 0. 0. 1.</data></K>
<R type_id="opencv-matrix">
  <rows>3</rows>
  <cols>3</cols>
  <dt>d</dt>
  <data>
    9.9559588644506491e-01 -2.0356836505833621e-02
    9.1511912345552893e-02 1.5510248659896232e-02 9.9845466560496698e-01
    5.3363966477219110e-02 -9.2456817380729611e-02
    -5.1709572993289529e-02 9.9437309747432223e-01</data></R>
<t type_id="opencv-matrix">
  <rows>3</rows>
  <cols>1</cols>
  <dt>d</dt>
  <data>
    -5.9557571178009805e-01 -1.3043349054237542e-02
    -2.8218687330509101e-01</data></t>
<coeffs type_id="opencv-matrix">
  <rows>1</rows>
  <cols>5</cols>
  <dt>d</dt>
  <data>
    3.3605573289614954e-01 -1.7932971469930422e+01
    -3.3384016625531542e-03 -1.3928436640349351e-02
    2.2775333990785680e+02</data></coeffs>
<imageSize type_id="opencv-matrix">
  <rows>2</rows>
  <cols>1</cols>
  <dt>d</dt>
  <data>
    1920. 1200.</data></imageSize>
</opencv_storage>
