<?xml version="1.0"?>
<opencv_storage>
<K type_id="opencv-matrix">
  <rows>3</rows>
  <cols>3</cols>
  <dt>d</dt>
  <data>
    4.6727280281236945e+03 0. 1.2698882347831639e+03 0.
    4.5877517387149937e+03 1.1913883679296275e+03 0. 0. 1.</data></K>
<R type_id="opencv-matrix">
  <rows>3</rows>
  <cols>3</cols>
  <dt>d</dt>
  <data>
    1. 0. 0. 0. 1. 0. 0. 0. 1.</data></R>
<t type_id="opencv-matrix">
  <rows>3</rows>
  <cols>1</cols>
  <dt>d</dt>
  <data>
    0. 0. 0.</data></t>
<coeffs type_id="opencv-matrix">
  <rows>1</rows>
  <cols>5</cols>
  <dt>d</dt>
  <data>
    7.4533653918038748e-02 -5.2462036232854670e-02
    -3.5135310620091617e-04 3.5984771931174869e-03
    -3.7729808559835440e+00</data></coeffs>
<imageSize type_id="opencv-matrix">
  <rows>2</rows>
  <cols>1</cols>
  <dt>d</dt>
  <data>
    2464. 2056.</data></imageSize>
</opencv_storage>
