<?xml version="1.0"?>
<opencv_storage>
<K type_id="opencv-matrix">
  <rows>3</rows>
  <cols>3</cols>
  <dt>d</dt>
  <data>
    2.9632924672631561e+03 0. 9.9936318491473060e+02 0.
    2.6692646850163769e+03 6.4019632270935176e+02 0. 0. 1.</data></K>
<R type_id="opencv-matrix">
  <rows>3</rows>
  <cols>3</cols>
  <dt>d</dt>
  <data>
    9.9716873991100974e-01 -2.2856223934107588e-02
    7.1638656965097317e-02 2.1309760446428645e-02 9.9952468966448260e-01
    2.2277541624595273e-02 -7.2113786851092390e-02
    -2.0687865491482608e-02 9.9718183595942089e-01</data></R>
<t type_id="opencv-matrix">
  <rows>3</rows>
  <cols>1</cols>
  <dt>d</dt>
  <data>
    -6.1206711159785399e-01 9.1859085632091164e-02
    -2.9402503532831686e-01</data></t>
<coeffs type_id="opencv-matrix">
  <rows>1</rows>
  <cols>5</cols>
  <dt>d</dt>
  <data>
    -3.9244434009221840e-02 1.3825926437932647e+00
    -1.4236102053827194e-03 8.2943124746581872e-04
    -1.3319374519705610e+01</data></coeffs>
<imageSize type_id="opencv-matrix">
  <rows>2</rows>
  <cols>1</cols>
  <dt>d</dt>
  <data>
    1920. 1200.</data></imageSize>
</opencv_storage>
