<?xml version="1.0"?>
<opencv_storage>
<K type_id="opencv-matrix">
  <rows>3</rows>
  <cols>3</cols>
  <dt>d</dt>
  <data>
    3.0523662797575475e+03 0. 9.9963608394908283e+02 0.
    3.0476590989483134e+03 5.8690841838262475e+02 0. 0. 1.</data></K>
<R type_id="opencv-matrix">
  <rows>3</rows>
  <cols>3</cols>
  <dt>d</dt>
  <data>
    9.9765150349034448e-01 -2.0240700004828291e-02
    6.5435400562461110e-02 1.7775392325145106e-02 9.9911808482610420e-01
    3.8040609893966099e-02 -6.6147660662659591e-02
    -3.6788131737454169e-02 9.9713144587467772e-01</data></R>
<t type_id="opencv-matrix">
  <rows>3</rows>
  <cols>1</cols>
  <dt>d</dt>
  <data>
    -6.2319931696699760e-01 -5.8274731198465837e-03
    -2.8594790501235634e-01</data></t>
<coeffs type_id="opencv-matrix">
  <rows>1</rows>
  <cols>5</cols>
  <dt>d</dt>
  <data>
    -3.9761147496948750e-02 1.7201949849338752e-01
    2.9014561064341518e-04 1.7087318076046917e-05
    -2.4311572459001496e-01</data></coeffs>
<imageSize type_id="opencv-matrix">
  <rows>2</rows>
  <cols>1</cols>
  <dt>d</dt>
  <data>
    1920. 1200.</data></imageSize>
</opencv_storage>
